0
1
2
3
4
5
6
7
8
9
10
11
12
13
14
15
16
17
18
19
20
21
22
23
24
25
26
27
28
29
30
31
32
33
34
35
36
37
38
39
40
41
42
43
44
45
46
47
48
49
50
51
52
53
54
55
56
57
58
59
60
61
62
63
64
65
66
67
68
69
70
71
72
73
74
75
76
77
78
79
80
81
82
83
84
85
86
87
88
89
90
91
92
93
94
95
96
97
98
99
100
101
102
104
105
106
107
108
110
111
112
113
114
115
116
117
118
119
121
123
124
125
126
127
129
132
134
135
138
140
141
143
144
149
150
155
156
157
158
159
160
161
162
163
165
167
172
174
176
177
178
181
182
184
185
187
189
190
191
192
193
194
195
196
197
198
199
200
201
202
204
205
208
209
212
213
214
215
216
218
219
220
221
222
224
225
226
227
228
230
231
232
233
234
235
236
239
240
241
242
243
244
245
246
247
248
249
252
253
257
259
260
261
263
264
266
268
269
271
273
274
276
277
278
281
283
284
287
291
292
293
294
295
298
299
301
303
305
308
309
310
311
312
313
315
316
317
320
321
322
323
325
326
327
328
329
330
332
333
334
335
337
338
339
341
342
343
344
345
346
347
348
352
353
354
355
356
357
358
359
360
362
363
366
367
370
371
374
375
376
377
379
380
381
382
383
384
385
386
387
393
396
397
398
399
401
404
405
406
407
409
410
411
412
415
417
419
420
421
422
424
426
427
428
431
434
436
438
439
440
441
442
443
444
447
448
449
450
451
452
453
454
455
458
459
461
464
467
469
470
473
474
475
476
477
480
482
483
484
485
486
487
488
489
490
492
495
496
498
499
500
502
504
505
506
511
512
515
519
524
526
527
528
529
539
546
547
549
550
553
559
566
572
588
595
598
604
609
620
623
642
648
652
654
656
678
680
687
688
697
699
700
703
704
707
710
713
717
718
719
728
735
740
748
749
750
752
754
759
760
772
775
776
782
783
790
792
795
805
806
809
813
814
818
820
821
823
824
829
830
831
837
838
842
843
844
846
852
853
854
857
861
862
863
864
866
868
869
872
874
877
880
881
882
885
886
888
889
891
892
893
894
896
897
899
900
902
903
906
908
909
911
912
913
915
916
919
920
921
922
923
924
926
927
928
930
931
933
934
936
938
939
940
941
942
943
944
946
950
952
953
955
956
957
958
960
962
963
964
965
966
968
969
970
971
972
974
975
976
978
979
980
982
984
985
986
987
988
989
990
993
994
995
997
998
999
1000
1001
1003
1004
1006
1007
1008
1010
1011
1012
1013
1014
1015
1016
1018
1020
1021
1022
1023
1024
1025
1026
1028
1029
1030
1031
1033
1034
1035
1038
1039
1040
1041
1043
1048
1049
1051
1052
1053
1054
1055
1056
1057
1058
1059
1060
1062
1063
1064
1065
1066
1067
1068
1069
1070
1071
1072
1074
1075
1077
1078
1079
1080
1081
1082
1083
1085
1087
1088
1089
1090
1091
1093
1094
1097
1098
1099
1100
1102
1103
1104
1105
1106
1107
1108
1109
1110
1111
1112
1113
1114
1115
1117
1119
1120
1122
1123
1124
1125
1128
1129
1131
1132
1133
1135
1137
1138
1140
1141
1142
1143
1144
1147
1148
1149
1151
1152
1154
1155
1157
1159
1160
1162
1163
1165
1168
1171
1172
1173
1174
1176
1177
1179
1181
1185
1188
1189
1191
1192
1193
1194
1195
1196
1198
1199
1200
1201
1202
1203
1204
1206
1207
1208
1209
1210
1211
1213
1214
1216
1218
1220
1221
1224
1225
1226
1228
1229
1230
1231
1232
1234
1235
1236
1238
1239
1240
1241
1242
1243
1244
1246
1247
1249
1250
1251
1252
1255
1256
1257
1259
1261
1262
1264
1266
1267
1270
1271
1272
1273
1274
1275
1276
1278
1279
1282
1283
1284
1285
1286
1287
1289
1292
1293
1303
1304
1308
1309
1310
1311
1315
1317
1323
1328
1330
1338
1339
1340
1342
1344
1350
1355
1359
1360
1362
1363
1364
1365
1366
1369
1374
1378
1382
1384
1385
1387
1389
1390
1394
1400
1406
1407
1408
1411
1413
1416
1417
1418
1419
1424
1426
1427
1428
1431
1432
1435
1436
1438
1440
1441
1442
1443
1446
1447
1448
1449
1450
1451
1453
1454
1455
1457
1458
1459
1460
1461
1462
1463
1464
1465
1466
1467
1468
1469
1470
1471
1472
1473
1474
1475
1476
1477
1478
1479
1480
1481
1482
1483
1484
1485
1486
1487
1488
1489
1490
1491
1492
1493
1494
1495
1496
1497
1498
1499
1500
1501
1502
1503
1504
1505
1506
1508
1509
1510
1512
1513
1514
1515
1516
1517
1518
1519
1520
1521
1522
1523
1525
1526
1527
1528
1530
1531
1532
1533
1534
1535
1536
1537
1538
1539
1541
1542
1543
1544
1545
1547
1548
1549
1550
1551
1552
1553
1555
1556
1557
1558
1559
1560
1561
1562
1563
1566
1567
1568
1569
1570
1571
1573
1574
1575
1576
1577
1578
1580
1581
1582
1584
1585
1586
1587
1588
1589
1590
1591
1592
1593
1594
1595
1597
1598
1599
1600
1601
1602
1603
1604
1605
1606
1607
1608
1609
1610
1611
1613
1614
1615
1616
1617
1618
1619
1620
1621
1623
1624
1625
1626
1627
1628
1629
1630
1631
1632
1633
1634
1635
1636
1637
1638
1639
1640
1641
1642
1644
1645
1646
1647
1648
1649
1650
1651
1652
1653
1654
1655
1656
1657
1658
1659
1660
1661
1662
1663
1664
1665
1666
1668
1669
1670
1671
1672
1673
1674
1675
1676
1677
1678
1679
1680
1681
1682
1683
1684
1685
1686
1687
1688
1689
1690
1691
1692
1693
1694
1695
1696
1697
1698
1699
1700
1701
1702
1703
1704
1705
1706
1707
1708
1709
1710
1711
1712
1713
1714
1715
1716
1717
1718
1719
1720
1721
1722
1723
1724
1725
1726
1727
1728
1729
1730
1731
1732
1733
1734
1735
1736
1737
1738
1739
1740
1741
1742
1743
1744
1745
1746
1747
1748
1749
1750
1751
1752
1753
1754
1755
1756
1757
1758
1759
1760
1761
1762
1763
1764
1765
1766
1767
1768
1769
1770
1771
1772
1773
1774
1775
1776
1777
1778
1779
1780
1781
1782
1783
1784
1785
1786
1787
1788
1789
1790
1791
1792
1793
1794
1795
1796
1797
1798
1799
1800
1801
1802
1803
1804
1805
1806
1807
1808
1809
1810
1811
1812
1813
1814
1815
1816
1817
1818
1819
1820
1821
1822
1823
1824
1825
1826
1827
1828
1829
1830
1831
1832
1833
1834
1835
1836
1837
1838
1839
1840
1841
1842
1843
1844
1845
1846
1847
1848
1849
1850
1851
1852
1853
1854
1855
1856
1857
1858
1859
1860
1861
1862
1863
1864
1865
1866
1867
1868
1869
1870
1871
1872
1873
1874
1876
1877
1880
1881
1884
1885
1887
1888
1890
1891
1892
1893
1894
1895
1897
1899
1900
1901
1902
1904
1905
1906
1908
1910
1913
1914
1916
1917
1918
1919
1920
1921
1923
1924
1927
1928
1929
1931
1932
1934
1935
1938
1939
1940
1941
1946
1947
1948
1949
1950
1952
1953
1954
1955
1956
1957
1958
1959
1960
1961
1962
1966
1968
1970
1971
1972
1974
1976
1977
1978
1979
1980
1981
1982
1983
1984
1985
1987
1989
1991
1992
1993
1994
1995
1996
1998
1999
2002
2003
2004
2005
2006
2009
2011
2012
2013
2014
2015
2016
2017
2018
2019
2020
2022
2026
2027
2028
2030
2032
2033
2035
2036
2037
2041
2042
2043
2044
2048
2050
2051
2053
2054
2055
2056
2057
2058
2059
2060
2061
2062
2063
2064
2066
2067
2068
2069
2070
2071
2072
2073
2076
2078
2079
2083
2085
2086
2087
2089
2090
2091
2092
2094
2095
2096
2097
2098
2100
2101
2103
2104
2105
2106
2107
2109
2110
2111
2112
2114
2115
2116
2118
2120
2122
2123
2124
2126
2127
2129
2134
2135
2136
2138
2140
2141
2142
2143
2145
2146
2147
2148
2149
2150
2151
2153
2154
2155
2156
2157
2160
2163
2164
2165
2166
2168
2169
2170
2173
2174
2176
2177
2179
2180
2181
2182
2184
2185
2186
2187
2188
2189
2190
2191
2192
2193
2195
2196
2197
2198
2199
2202
2203
2204
2205
2206
2207
2208
2209
2211
2213
2214
2215
2216
2217
2218
2219
2220
2221
2224
2225
2226
2227
2228
2229
2230
2231
2232
2233
2234
2236
2241
2243
2244
2246
2248
2249
2250
2251
2252
2253
2256
2257
2260
2261
2262
2264
2265
2266
2269
2270
2272
2275
2278
2282
2285
2287
2291
2299
2300
2309
2313
2316
2322
2325
2342
2353
2356
2357
2358
2359
2362
2366
2370
2375
2382
2385
2386
2388
2392
2394
2398
2399
2401
2406
2415
2416
2417
2420
2421
2429
2433
2435
2438
2440
2445
2448
2449
2450
2451
2452
2454
2457
2462
2464
2465
2466
2467
2468
2470
2484
2485
2487
2488
2493
2494
2498
2499
2506
2507
2508
2511
2512
2513
2520
2523
2525
2531
2539
2541
2543
2544
2549
2550
2552
2553
2554
2555
2562
2567
2581
2585
2587
2592
2596
2597
2598
2599
2600
2601
2602
2603
2605
2608
2614
2617
2619
2621
2622
2624
2625
2626
2628
2633
2634
2636
2637
2641
2642
2643
2644
2646
2647
2648
2649
2651
2652
2653
2654
2655
2656
2657
2658
2659
2664
2665
2667
2669
2670
2673
2674
2676
2679
2680
2681
2682
2683
2684
2685
2688
2689
2691
2692
2694
2695
2697
2699
2700
2701
2702
2703
2704
2705
2706
2708
2709
2710
2711
2715
2717
2718
2719
2720
2721
2722
2724
2725
2726
2727
2728
2729
2730
2731
2732
2733
2734
2736
2737
2738
2740
2741
2742
2744
2746
2748
2751
2752
2754
2757
2758
2760
2762
2763
2764
2767
2768
2769
2770
2772
2773
2774
2775
2776
2777
2778
2781
2782
2783
2784
2785
2786
2787
2788
2793
2794
2795
2796
2798
2799
2800
2801
2802
2803
2804
2805
2806
2807
2808
2809
2810
2811
2812
2813
2814
2815
2816
2817
2818
2819
2821
2823
2825
2826
2827
2828
2829
2830
2831
2832
2833
2834
2835
2837
2838
2840
2841
2842
2843
2844
2845
2846
2848
2849
2850
2851
2854
2856
2857
2858
2859
2860
2861
2863
2865
2866
2867
2868
2869
2870
2872
2873
2874
2875
2878
2879
2880
2881
2883
2884
2885
2886
2887
2888
2889
2890
2891
2892
2893
2895
2896
2897
2898
2899
2900
2901
2903
2904
2905
2906
2907
2908
2909
2910
2911
2912
2915
2916
2918
2919
2921
2923
2924
2926
2927
2928
2929
2930
2931
2933
2934
2936
2937
2938
2940
2942
2945
2946
2947
2948
2949
2951
2952
2954
2956
2957
2958
2959
2960
2961
2962
2963
2964
2965
2967
2969
2973
2974
2975
2976
2977
2978
2979
2980
2981
2982
2983
2984
2985
2986
2987
2988
2989
2990
2991
2992
2993
2994
2995
2996
2997
2998
2999
3000
3001
3002
3003
3004
3006
3007
3008
3010
3011
3012
3013
3014
3016
3017
3030
3031
3034
3038
3039
3040
3043
3044
3046
3047
3052
3054
3055
3056
3059
3063
3067
3068
3069
3070
3071
3073
3075
3081
3083
3084
3087
3091
3093
3095
3097
3099
3100
3101
3110
3111
3115
3116
3120
3121
3123
3124
3129
3134
3135
3137
3140
3142
3143
3144
3145
3146
3147
3148
3150
3152
3153
3154
3155
3156
3157
3158
3159
3161
3162
3163
3164
3165
3167
3168
3169
3170
3171
3172
3173
3174
3175
3176
3177
3178
3179
3180
3181
3182
3184
3186
3187
3188
3190
3192
3193
3194
3195
3196
3197
3198
3199
3200
3201
3202
3203
3204
3205
3206
3207
3208
3209
3210
3212
3213
3214
3215
3216
3217
3218
3219
3220
3221
3222
3223
3224
3225
3226
3227
3228
3229
3230
3231
3232
3233
3234
3235
3236
3237
3238
3239
3240
3241
3242
3246
3248
3250
3251
3252
3253
3254
3255
3256
3257
3259
3260
3261
3262
3263
3264
3267
3268
3269
3270
3271
3272
3273
3274
3275
3276
3277
3278
3279
3280
3281
3282
3283
3284
3285
3286
3287
3291
3292
3294
3295
3296
3297
3298
3299
3300
3301
3302
3303
3305
3306
3308
3309
3310
3311
3312
3313
3314
3315
3316
3317
3318
3319
3320
3321
3322
3323
3324
3325
3326
3327
3328
3329
3330
3331
3332
3333
3334
3335
3336
3337
3339
3340
3341
3342
3343
3345
3346
3347
3348
3349
3350
3351
3352
3353
3354
3355
3356
3357
3358
3359
3361
3362
3363
3364
3365
3366
3367
3368
3369
3370
3371
3372
3373
3374
3375
3376
3377
3378
3379
3380
3381
3383
3384
3385
3386
3387
3388
3389
3390
3391
3392
3393
3394
3395
3396
3397
3398
3399
3400
3401
3402
3403
3404
3405
3406
3407
3408
3409
3410
3411
3412
3413
3414
3415
3416
3417
3418
3419
3420
3421
3422
3423
3424
3425
3426
3427
3428
3429
3430
3431
3432
3433
3434
3435
3436
3437
3438
3439
3440
3441
3442
3443
3444
3445
3446
3447
3448
3449
3450
3451
3452
3453
3454
3455
3456
3457
3458
3459
3460
3461
3462
3463
3464
3465
3466
3467
3468
3469
3470
3471
3472
3473
3474
3475
3476
3477
3478
3479
3480
3481
3482
3483
3484
3485
3486
3487
3488
3489
3490
3491
3492
3493
3494
3495
3496
3497
3498
3499
3500
3501
3502
3503
3504
3505
3506
3507
3508
3509
3510
3511
3512
3513
3514
3515
3516
3517
3518
3519
3520
3521
3522
3523
3524
3525
3526
3527
3528
3529
3530
3531
3532
3533
3534
3535
3536
3537
3538
3539
3540
3541
3542
3543
3544
3545
3546
3547
3548
3549
3550
3551
3552
3553
3554
3555
3556
3557
3558
3559
3560
3561
3562
3563
3564
3565
3566
3567
3568
3569
3570
3571
3572
3573
3574
3575
3576
3577
3578
3579
3580
3581
3582
3583
3584
3585
3587
3588
3591
3592
3593
3594
3596
3598
3600
3601
3602
3603
3604
3605
3606
3609
3611
3612
3613
3614
3616
3617
3618
3620
3621
3624
3625
3626
3627
3629
3632
3635
3636
3637
3638
3639
3640
3641
3642
3643
3644
3645
3646
3648
3651
3655
3656
3657
3658
3659
3660
3661
3662
3663
3665
3666
3668
3670
3671
3673
3674
3675
3676
3677
3678
3679
3680
3681
3683
3687
3688
3689
3690
3691
3692
3693
3695
3697
3700
3704
3707
3708
3710
3711
3712
3715
3716
3717
3718
3721
3724
3726
3727
3728
3729
3731
3732
3733
3735
3736
3740
3741
3743
3744
3746
3748
3749
3750
3751
3752
3753
3754
3755
3756
3757
3758
3759
3760
3761
3762
3763
3765
3766
3768
3769
3771
3773
3774
3775
3776
3777
3779
3780
3781
3782
3784
3786
3787
3788
3791
3793
3794
3795
3796
3798
3799
3800
3801
3802
3803
3804
3805
3806
3807
3808
3811
3812
3813
3815
3816
3817
3819
3820
3821
3822
3823
3824
3825
3826
3828
3829
3830
3831
3832
3833
3834
3835
3836
3837
3838
3839
3841
3842
3843
3844
3845
3847
3849
3850
3851
3852
3853
3854
3855
3856
3858
3860
3861
3862
3863
3864
3865
3869
3870
3871
3873
3874
3875
3877
3878
3879
3880
3882
3884
3885
3886
3887
3889
3890
3892
3893
3895
3897
3898
3899
3900
3901
3902
3903
3905
3906
3907
3908
3911
3915
3918
3919
3920
3926
3927
3928
3936
3941
3955
3956
3960
3976
3980
3981
3983
3985
3988
3991
3997
4002
4003
4007
4018
4042
4047
4056
4058
4064
4067
4069
4070
4071
4072
4085
4087
4089
4091
4095
4097
4098
4102
4104
4113
4115
4116
4117
4126
4128
4130
4132
4134
4138
4139
4140
4143
4144
4151
4154
4155
4159
4160
4164
4169
4170
4173
4174
4175
4178
4183
4190
4191
4192
4193
4196
4197
4198
4200
4203
4204
4206
4207
4209
4210
4212
4214
4215
4216
4218
4221
4223
4225
4229
4231
4233
4235
4236
4237
4239
4240
4241
4243
4244
4245
4246
4248
4249
4251
4252
4253
4254
4255
4256
4257
4258
4259
4262
4263
4264
4265
4267
4269
4271
4272
4274
4275
4277
4278
4279
4280
4281
4284
4286
4288
4290
4292
4293
4295
4296
4297
4298
4299
4300
4301
4302
4303
4304
4308
4309
4310
4311
4314
4315
4317
4319
4320
4322
4323
4324
4327
4328
4329
4330
4331
4332
4333
4334
4339
4340
4341
4342
4343
4344
4345
4346
4347
4348
4349
4350
4351
4352
4353
4354
4355
4356
4360
4361
4362
4368
4370
4371
4372
4374
4375
4376
4378
4380
4382
4384
4385
4387
4388
4389
4390
4391
4392
4393
4394
4395
4397
4398
4399
4400
4401
4402
4403
4405
4407
4408
4412
4413
4414
4415
4418
4419
4420
4421
4422
4423
4424
4426
4427
4428
4430
4431
4432
4433
4434
4435
4441
4444
4445
4446
4447
4448
4452
4453
4454
4455
4456
4457
4458
4459
4460
4461
4462
4463
4464
4465
4467
4468
4469
4470
4471
4472
4476
4477
4479
4480
4481
4482
4483
4484
4485
4486
4487
4489
4490
4491
4492
4493
4494
4495
4496
4497
4498
4499
4501
4502
4503
4504
4505
4507
4508
4509
4510
4511
4512
4513
4514
4515
4519
4520
4521
4522
4523
4525
4526
4527
4528
4529
4532
4533
4534
4535
4536
4537
4538
4539
4541
4542
4544
4545
4546
4547
4548
4549
4550
4551
4552
4553
4555
4557
4558
4560
4562
4563
4564
4565
4566
4567
4568
4569
4570
4572
4573
4574
4575
4576
4578
4579
4580
4581
4582
4584
4585
4587
4588
4589
4591
4593
4594
4595
4596
4597
4598
4600
4601
4602
4603
4607
4608
4609
4610
4611
4612
4613
4614
4615
4616
4617
4618
4619
4620
4621
4622
4625
4626
4627
4628
4629
4631
4633
4638
4641
4642
4643
4647
4648
4650
4651
4654
4656
4657
4668
4670
4673
4675
4687
4691
4693
4694
4695
4696
4697
4701
4703
4705
4708
4711
4716
4720
4722
4731
4733
4734
4743
4746
4747
4748
4749
4750
4751
4752
4753
4755
4756
4757
4759
4761
4762
4764
4765
4766
4767
4768
4769
4770
4771
4772
4773
4774
4776
4777
4778
4779
4780
4781
4782
4783
4784
4785
4786
4787
4788
4789
4790
4792
4793
4794
4795
4796
4797
4799
4800
4801
4802
4803
4804
4805
4807
4808
4809
4811
4812
4813
4814
4815
4816
4817
4818
4820
4821
4823
4824
4825
4826
4827
4828
4829
4830
4831
4832
4833
4834
4835
4836
4837
4838
4839
4840
4841
4842
4843
4844
4845
4846
4848
4849
4850
4851
4852
4854
4855
4856
4857
4859
4860
4861
4862
4863
4864
4865
4866
4867
4868
4869
4870
4871
4872
4873
4874
4876
4877
4878
4879
4880
4881
4882
4883
4884
4885
4886
4887
4888
4889
4890
4891
4892
4893
4894
4895
4896
4897
4898
4899
4900
4901
4902
4903
4904
4905
4906
4907
4908
4909
4910
4911
4912
4913
4914
4915
4916
4917
4918
4919
4920
4921
4922
4923
4924
4925
4926
4927
4928
4929
4930
4931
4933
4934
4935
4936
4937
4938
4939
4940
4941
4942
4943
4945
4946
4947
4948
4949
4950
4951
4952
4953
4954
4955
4956
4957
4958
4959
4960
4961
4962
4963
4964
4965
4966
4967
4968
4969
4970
4971
4972
4973
4974
4975
4976
4977
4979
4980
4981
4982
4983
4984
4985
4986
4988
4989
4990
4991
4992
4993
4994
4995
4996
4997
4998
4999
5000
5001
5002
5003
5004
5005
5006
5007
5008
5009
5010
5011
5012
5013
5014
5015
5016
5017
5018
5019
5020
5021
5022
5023
5024
5025
5026
5028
5029
5030
5031
5032
5033
5034
5035
5036
5037
5038
5039
5040
5041
5042
5043
5044
5045
5046
5047
5048
5049
5050
5051
5052
5053
5054
5055
5056
5057
5058
5059
5060
5061
5062
5063
5064
5065
5066
5067
5068
5069
5070
5071
5072
5073
5074
5075
5076
5077
5078
5079
5080
5081
5082
5083
5084
5085
5086
5087
5088
5089
5090
5091
5092
5093
5094
5095
5096
5097
5098
5099
5100
5101
5102
5103
5104
5105
5106
5107
5108
5109
5110
5111
5112
5113
5114
5115
5116
5117
5118
5119
5120
5121
5122
5123
5124
5125
5126
5127
5128
5129
5130
5131
5132
5133
5134
5135
5136
5137
5138
5139
5140
5141
5142
5143
5144
5145
5146
5147
5148
5149
5150
5151
5152
5153
5154
5155
5156
5157
5158
5159
5160
5161
5162
5163
5164
5165
5166
5167
5168
5169
5170
5171
5172
5173
5174
5175
5176
5177
5178
5179
5180
5181
5182
5183
5184
5185
5186
5187
5188
5189
5190
5191
5192
5193
5194
5195
5196
5197
5198
5199
5200
5201
5202
5203
5204
5207
5208
5209
5213
5214
5217
5218
5220
5221
5223
5224
5227
5229
5230
5233
5234
5235
5236
5238
5239
5240
5242
5243
5244
5245
5247
5248
5250
5255
5256
5258
5259
5263
5264
5267
5268
5269
5270
5271
5272
5275
5277
5279
5280
5281
5282
5283
5284
5286
5289
5292
5293
5294
5295
5296
5298
5299
5300
5301
5303
5304
5305
5306
5307
5308
5309
5310
5311
5312
5313
5314
5316
5317
5318
5319
5320
5321
5322
5323
5324
5325
5327
5329
5332
5333
5334
5335
5336
5337
5338
5340
5341
5342
5343
5344
5345
5346
5347
5349
5350
5351
5354
5355
5356
5357
5358
5359
5360
5361
5362
5363
5368
5369
5370
5371
5372
5373
5376
5377
5378
5379
5380
5382
5384
5385
5386
5388
5389
5390
5391
5392
5393
5394
5395
5396
5397
5398
5399
5400
5403
5405
5406
5407
5408
5411
5414
5415
5417
5418
5419
5423
5424
5425
5426
5427
5428
5429
5430
5431
5432
5434
5435
5437
5438
5440
5441
5444
5445
5447
5449
5451
5452
5454
5455
5456
5457
5458
5459
5461
5462
5463
5465
5467
5469
5470
5471
5472
5473
5475
5476
5478
5479
5480
5481
5482
5483
5484
5486
5487
5488
5489
5492
5493
5494
5495
5497
5498
5499
5500
5503
5505
5506
5507
5508
5509
5511
5512
5514
5516
5518
5521
5529
5530
5531
5533
5544
5547
5548
5549
5551
5553
5556
5558
5569
5573
5577
5586
5597
5600
5608
5613
5616
5617
5618
5619
5620
5627
5631
5637
5644
5646
5647
5648
5650
5652
5653
5662
5665
5667
5673
5674
5675
5676
5679
5685
5689
5691
5692
5697
5699
5705
5708
5713
5715
5717
5720
5722
5728
5733
5737
5744
5746
5750
5752
5757
5759
5761
5763
5764
5766
5769
5773
5774
5779
5780
5784
5786
5788
5789
5790
5798
5799
5800
5802
5803
5805
5806
5807
5808
5809
5810
5815
5817
5819
5820
5821
5822
5823
5824
5825
5827
5828
5829
5830
5832
5833
5836
5837
5839
5840
5841
5842
5843
5845
5846
5847
5851
5852
5854
5855
5856
5857
5858
5860
5861
5862
5863
5864
5866
5867
5868
5869
5870
5871
5873
5875
5877
5879
5880
5881
5883
5884
5885
5886
5887
5888
5889
5890
5891
5892
5893
5894
5895
5896
5897
5899
5900
5904
5905
5906
5911
5912
5914
5916
5918
5919
5920
5921
5922
5923
5924
5925
5926
5927
5928
5929
5930
5931
5932
5933
5934
5936
5937
5938
5939
5940
5941
5942
5943
5945
5946
5947
5948
5951
5953
5955
5958
5959
5962
5963
5965
5966
5967
5968
5969
5970
5971
5972
5974
5975
5976
5977
5978
5979
5981
5982
5983
5984
5985
5986
5988
5989
5990
5991
5992
5994
5996
5999
6000
6002
6003
6004
6006
6007
6009
6011
6012
6014
6015
6016
6018
6020
6023
6024
6025
6026
6029
6030
6031
6032
6033
6034
6035
6036
6037
6038
6039
6040
6042
6043
6044
6045
6046
6047
6048
6049
6050
6051
6053
6054
6058
6060
6062
6064
6065
6066
6067
6069
6071
6072
6073
6074
6075
6076
6077
6078
6079
6080
6081
6082
6083
6084
6085
6087
6089
6091
6092
6095
6096
6097
6098
6099
6100
6101
6102
6104
6105
6106
6107
6108
6111
6112
6113
6114
6115
6116
6117
6118
6119
6120
6121
6122
6123
6125
6126
6127
6128
6129
6130
6131
6132
6133
6134
6135
6136
6137
6138
6140
6141
6142
6143
6144
6146
6147
6148
6149
6150
6152
6153
6154
6155
6156
6157
6158
6159
6160
6161
6162
6164
6165
6166
6167
6168
6169
6170
6174
6175
6179
6181
6182
6183
6185
6186
6187
6188
6189
6190
6191
6192
6194
6196
6198
6200
6201
6202
6203
6205
6206
6208
6209
6212
6214
6216
6218
6225
6226
6227
6228
6230
6231
6232
6234
6236
6237
6240
6243
6247
6249
6252
6256
6257
6260
6262
6263
6273
6277
6279
6284
6286
6290
6291
6294
6297
6298
6299
6301
6302
6304
6305
6306
6310
6312
6313
6314
6318
6322
6323
6324
6326
6327
6328
6329
6333
6334
6335
6336
6337
6338
6339
6340
6341
6342
6343
6344
6345
6347
6348
6349
6350
6351
6352
6353
6354
6355
6356
6358
6359
6360
6361
6362
6363
6364
6365
6366
6367
6368
6369
6370
6371
6372
6373
6374
6375
6376
6378
6379
6380
6381
6382
6383
6384
6385
6386
6387
6388
6389
6390
6391
6392
6393
6394
6395
6396
6397
6398
6399
6400
6401
6402
6403
6404
6405
6406
6407
6408
6409
6410
6411
6412
6413
6414
6415
6416
6417
6418
6419
6420
6421
6423
6424
6425
6426
6427
6428
6429
6430
6431
6432
6433
6434
6435
6436
6437
6438
6439
6440
6442
6443
6444
6445
6446
6447
6448
6449
6450
6451
6452
6453
6454
6455
6456
6457
6458
6459
6460
6461
6462
6463
6464
6465
6466
6468
6469
6470
6471
6472
6473
6474
6475
6476
6477
6478
6479
6480
6481
6482
6483
6484
6485
6486
6487
6488
6489
6490
6491
6492
6493
6494
6495
6496
6497
6498
6499
6500
6501
6503
6504
6505
6506
6507
6508
6509
6510
6511
6512
6513
6514
6515
6516
6517
6518
6519
6520
6521
6522
6524
6525
6526
6527
6528
6529
6530
6531
6532
6534
6535
6536
6537
6538
6539
6540
6541
6542
6543
6544
6545
6546
6547
6548
6549
6550
6551
6552
6553
6554
6555
6556
6557
6558
6559
6560
6561
6562
6563
6564
6565
6566
6567
6568
6569
6570
6571
6572
6573
6574
6575
6576
6577
6578
6579
6580
6581
6582
6583
6584
6585
6586
6587
6588
6589
6590
6591
6592
6593
6594
6595
6596
6597
6598
6599
6600
6601
6602
6603
6604
6605
6606
6607
6608
6609
6610
6611
6612
6613
6614
6615
6616
6617
6618
6619
6620
6621
6622
6623
6624
6625
6626
6627
6628
6629
6630
6631
6632
6633
6634
6635
6636
6637
6638
6639
6640
6641
6642
6643
6644
6645
6646
6647
6648
6649
6650
6651
6652
6653
6654
6655
6656
6657
6658
6659
6660
6661
6662
6663
6664
6665
6666
6667
6668
6669
6670
6671
6672
6673
6674
6675
6676
6677
6678
6679
6680
6681
6682
6683
6684
6685
6686
6687
6688
6689
6690
6691
6692
6693
6694
6695
6696
6697
6698
6699
6700
6701
6702
6703
6704
6705
6706
6707
6708
6709
6710
6711
6712
6713
6714
6715
6717
6718
6719
6721
6722
6723
6725
6726
6727
6728
6729
6730
6731
6732
6733
6734
6735
6736
6737
6741
6743
6744
6748
6750
6751
6754
6758
6761
6762
6765
6766
6768
6769
6770
6772
6773
6774
6777
6779
6781
6783
6784
6785
6786
6790
6791
6792
6793
6794
6795
6796
6797
6798
6799
6800
6802
6804
6805
6806
6807
6809
6810
6811
6813
6814
6815
6816
6817
6818
6819
6820
6821
6822
6823
6824
6825
6826
6827
6828
6830
6831
6832
6835
6836
6837
6838
6840
6841
6842
6843
6844
6845
6847
6848
6849
6850
6851
6852
6853
6855
6856
6857
6858
6859
6860
6861
6862
6863
6864
6866
6867
6869
6871
6872
6873
6874
6875
6876
6878
6880
6881
6883
6884
6885
6886
6887
6888
6889
6890
6891
6892
6893
6894
6895
6896
6897
6900
6901
6902
6903
6905
6906
6907
6908
6909
6911
6912
6913
6914
6915
6917
6918
6919
6920
6921
6922
6923
6924
6925
6926
6927
6928
6929
6931
6932
6933
6934
6936
6937
6938
6939
6940
6941
6942
6943
6944
6947
6949
6950
6951
6953
6954
6955
6956
6957
6959
6960
6961
6962
6963
6964
6965
6969
6971
6972
6973
6975
6976
6979
6980
6981
6982
6987
6988
6989
6990
6991
6992
6994
6995
6996
6997
6998
6999
7000
7001
7002
7004
7005
7006
7008
7009
7010
7011
7012
7016
7017
7019
7021
7022
7023
7024
7025
7026
7027
7030
7032
7033
7036
7037
7038
7040
7041
7042
7044
7045
7048
7050
7051
7052
7053
7054
7055
7056
7057
7058
7059
7060
7061
7063
7064
7065
7066
7067
7068
7069
7073
7074
7075
7077
7089
7095
7099
7106
7110
7112
7116
7118
7121
7128
7130
7132
7133
7136
7139
7145
7146
7151
7152
7159
7160
7163
7164
7165
7170
7171
7174
7176
7177
7188
7193
7198
7199
7200
7201
7203
7204
7209
7210
7216
7222
7223
7232
7238
7240
7247
7250
7254
7256
7258
7265
7272
7274
7277
7278
7282
7288
7291
7294
7296
7301
7304
7307
7308
7309
7311
7315
7319
7320
7321
7322
7323
7324
7325
7326
7327
7329
7331
7333
7334
7337
7339
7341
7342
7344
7345
7346
7347
7348
7349
7350
7351
7352
7355
7356
7357
7359
7360
7363
7364
7367
7368
7369
7370
7371
7372
7373
7374
7377
7378
7379
7380
7381
7382
7385
7386
7387
7388
7389
7390
7391
7392
7393
7394
7396
7398
7399
7400
7401
7403
7404
7405
7407
7408
7409
7410
7411
7412
7413
7415
7416
7417
7418
7421
7422
7423
7424
7426
7427
7428
7430
7432
7433
7434
7436
7437
7438
7439
7441
7442
7443
7444
7445
7446
7447
7448
7449
7450
7451
7452
7453
7454
7455
7456
7457
7458
7459
7460
7463
7464
7465
7466
7467
7468
7469
7470
7472
7473
7475
7476
7477
7478
7479
7480
7482
7483
7484
7487
7489
7491
7494
7496
7497
7498
7499
7502
7503
7504
7510
7512
7513
7514
7515
7516
7517
7518
7519
7520
7522
7523
7524
7525
7527
7529
7530
7532
7533
7534
7536
7537
7539
7540
7541
7542
7543
7544
7545
7546
7547
7548
7549
7550
7551
7552
7554
7555
7556
7557
7558
7562
7565
7567
7568
7570
7571
7572
7573
7575
7576
7577
7578
7579
7580
7581
7582
7583
7584
7586
7587
7588
7589
7590
7591
7592
7593
7595
7596
7597
7598
7599
7600
7602
7603
7604
7605
7606
7607
7608
7609
7610
7611
7613
7614
7615
7616
7617
7618
7620
7621
7622
7623
7624
7625
7627
7628
7629
7630
7631
7633
7634
7638
7639
7640
7641
7642
7644
7645
7646
7647
7648
7649
7650
7651
7652
7653
7655
7656
7657
7658
7659
7660
7661
7663
7664
7665
7666
7667
7668
7669
7671
7672
7673
7674
7675
7676
7678
7679
7680
7681
7682
7683
7686
7687
7688
7690
7699
7701
7708
7712
7715
7717
7724
7725
7727
7729
7738
7740
7741
7742
7743
7749
7750
7751
7753
7755
7757
7759
7761
7762
7763
7764
7765
7766
7767
7768
7770
7771
7772
7773
7776
7779
7780
7781
7782
7783
7784
7786
7787
7789
7790
7791
7792
7793
7795
7796
7797
7798
7800
7801
7802
7803
7804
7805
7806
7807
7808
7809
7810
7811
7812
7813
7815
7816
7817
7818
7819
7821
7822
7823
7824
7825
7826
7827
7828
7829
7830
7831
7832
7833
7834
7835
7836
7837
7838
7839
7840
7841
7842
7843
7845
7846
7847
7848
7849
7850
7851
7853
7854
7855
7856
7857
7858
7859
7860
7861
7862
7863
7864
7865
7866
7867
7868
7869
7870
7871
7872
7873
7874
7875
7876
7877
7878
7879
7881
7882
7883
7884
7885
7886
7888
7889
7890
7891
7892
7893
7894
7895
7896
7897
7898
7899
7900
7901
7902
7903
7904
7905
7906
7907
7908
7909
7910
7911
7912
7913
7914
7915
7916
7917
7918
7919
7920
7921
7922
7923
7924
7925
7926
7927
7928
7929
7930
7931
7933
7934
7935
7937
7938
7939
7940
7941
7942
7943
7944
7945
7946
7947
7948
7949
7950
7951
7952
7953
7954
7955
7956
7957
7958
7959
7960
7961
7962
7963
7964
7965
7966
7967
7968
7969
7970
7971
7972
7973
7974
7976
7977
7978
7979
7980
7981
7982
7983
7984
7985
7986
7987
7989
7990
7991
7992
7993
7994
7995
7996
7997
7998
7999
8000
8001
8002
8003
8004
8005
8006
8007
8008
8009
8010
8011
8012
8013
8014
8015
8016
8017
8018
8019
8020
8021
8022
8023
8024
8025
8026
8027
8028
8029
8030
8031
8032
8033
8034
8035
8036
8037
8038
8039
8040
8041
8042
8043
8044
8045
8046
8047
8048
8049
8050
8051
8052
8053
8054
8055
8056
8057
8058
8059
8060
8061
8062
8063
8064
8065
8066
8067
8068
8069
8070
8071
8072
8073
8074
8075
8076
8077
8078
8079
8080
8081
8082
8083
8084
8085
8086
8087
8088
8089
8090
8091
8092
8093
8094
8095
8096
8097
8098
8099
8100
8101
8102
8103
8104
8105
8106
8107
8108
8109
8110
8111
8112
8113
8114
8115
8116
8117
8118
8119
8120
8121
8122
8123
8124
8125
8126
8127
8128
8129
8130
8131
8132
8133
8134
8135
8136
8137
8138
8139
8140
8141
8142
8143
8144
8146
8147
8148
8149
8150
8151
8152
8153
8154
8155
8156
8157
8158
8159
8164
8167
8168
8169
8170
8173
8174
8175
8177
8178
8179
8180
8182
8183
8184
8185
8187
8188
8190
8191
8192
8193
8194
8196
8197
8198
8199
8202
8203
8205
8206
8208
8209
8210
8211
8214
8215
8216
8217
8218
8219
8221
8223
8224
8225
8226
8227
8229
8230
8231
8232
8233
8235
8236
8237
8238
8240
8241
8243
8244
8245
8246
8247
8249
8250
8252
8253
8254
8255
8257
8259
8261
8263
8264
8265
8266
8267
8268
8269
8270
8271
8272
8273
8274
8275
8276
8277
8278
8280
8281
8282
8284
8285
8286
8287
8288
8292
8293
8294
8296
8297
8299
8300
8301
8303
8304
8305
8306
8307
8308
8310
8312
8313
8314
8315
8317
8318
8320
8321
8322
8324
8325
8326
8327
8328
8329
8330
8331
8332
8333
8334
8335
8336
8337
8338
8339
8341
8343
8344
8345
8346
8347
8348
8349
8350
8351
8353
8355
8356
8357
8358
8360
8362
8363
8364
8365
8367
8368
8369
8370
8371
8373
8374
8375
8376
8377
8378
8379
8380
8381
8383
8384
8385
8386
8387
8388
8389
8390
8391
8392
8393
8394
8395
8396
8398
8399
8400
8401
8405
8406
8407
8408
8409
8410
8411
8412
8415
8417
8418
8420
8421
8422
8423
8424
8427
8429
8430
8434
8435
8436
8437
8438
8439
8440
8441
8442
8443
8444
8445
8447
8448
8449
8450
8451
8452
8453
8454
8455
8456
8458
8459
8462
8463
8466
8467
8468
8469
8470
8472
8473
8474
8476
8480
8481
8482
8483
8485
8487
8492
8494
8497
8507
8508
8510
8511
8517
8522
8527
8529
8533
8535
8547
8549
8550
8561
8564
8566
8570
8573
8580
8589
8597
8601
8610
8613
8614
8617
8619
8620
8622
8623
8633
8636
8638
8639
8640
8641
8642
8645
8650
8651
8654
8656
8665
8666
8671
8672
8675
8676
8678
8682
8683
8687
8688
8697
8700
8701
8702
8703
8706
8709
8710
8711
8712
8713
8715
8717
8719
8720
8721
8722
8723
8724
8725
8726
8727
8729
8733
8735
8738
8740
8741
8742
8744
8745
8747
8749
8750
8751
8752
8753
8754
8757
8759
8760
8762
8765
8767
8768
8771
8772
8774
8776
8778
8779
8780
8782
8784
8785
8787
8788
8789
8790
8791
8792
8794
8795
8796
8797
8798
8801
8803
8805
8807
8809
8810
8811
8812
8815
8816
8817
8818
8820
8821
8823
8824
8826
8827
8828
8829
8830
8831
8832
8833
8835
8836
8838
8839
8840
8841
8842
8843
8844
8846
8847
8849
8851
8852
8853
8854
8855
8856
8857
8858
8859
8860
8861
8862
8863
8864
8865
8866
8867
8868
8869
8870
8871
8872
8873
8875
8876
8877
8878
8881
8882
8883
8884
8885
8886
8887
8888
8889
8890
8891
8892
8893
8894
8895
8896
8897
8899
8900
8901
8903
8904
8905
8906
8907
8908
8909
8911
8912
8913
8914
8916
8917
8918
8919
8921
8923
8924
8925
8926
8927
8928
8929
8930
8931
8933
8934
8935
8938
8939
8940
8941
8943
8944
8945
8947
8948
8949
8950
8951
8952
8953
8954
8955
8956
8957
8959
8960
8962
8963
8964
8965
8966
8967
8968
8969
8970
8971
8972
8973
8974
8975
8979
8980
8981
8982
8984
8985
8986
8987
8988
8990
8991
8992
8993
8994
8995
8997
8998
8999
9000
9001
9002
9003
9004
9005
9006
9007
9009
9010
9011
9012
9014
9015
9016
9017
9018
9020
9021
9023
9024
9025
9026
9027
9028
9029
9030
9031
9032
9033
9034
9035
9036
9037
9038
9039
9040
9042
9043
9044
9045
9046
9047
9049
9050
9051
9052
9054
9056
9057
9061
9062
9063
9064
9065
9066
9067
9068
9070
9071
9072
9073
9075
9076
9077
9078
9079
9080
9081
9082
9083
9084
9085
9086
9087
9088
9090
9091
9093
9095
9098
9099
9100
9104
9107
9110
9115
9116
9121
9124
9125
9126
9127
9128
9130
9131
9134
9135
9137
9139
9140
9141
9145
9146
9148
9151
9152
9154
9156
9161
9163
9168
9169
9172
9173
9174
9176
9179
9180
9181
9182
9183
9184
9185
9186
9187
9188
9189
9190
9191
9192
9193
9194
9195
9196
9197
9198
9200
9201
9202
9203
9204
9205
9206
9207
9208
9209
9210
9211
9212
9213
9214
9215
9216
9217
9218
9220
9221
9222
9224
9225
9226
9227
9228
9229
9230
9231
9232
9233
9235
9236
9237
9238
9239
9240
9241
9242
9243
9244
9245
9246
9247
9248
9249
9250
9251
9252
9253
9254
9255
9256
9257
9258
9259
9260
9262
9263
9264
9265
9267
9268
9269
9270
9271
9272
9273
9274
9275
9276
9277
9278
9279
9280
9281
9282
9283
9285
9286
9287
9288
9289
9290
9292
9293
9294
9295
9296
9297
9298
9300
9301
9302
9303
9304
9305
9306
9307
9308
9309
9310
9311
9312
9313
9314
9315
9316
9317
9318
9319
9320
9321
9322
9323
9324
9325
9326
9327
9328
9329
9330
9331
9332
9333
9334
9335
9336
9337
9338
9339
9340
9341
9342
9343
9344
9345
9346
9347
9348
9349
9350
9351
9352
9353
9354
9355
9356
9357
9358
9359
9360
9361
9362
9363
9364
9365
9366
9367
9368
9369
9370
9371
9372
9373
9374
9375
9376
9377
9378
9379
9380
9381
9382
9383
9384
9385
9386
9387
9388
9389
9390
9391
9392
9393
9394
9395
9396
9397
9398
9399
9400
9401
9402
9403
9404
9405
9406
9407
9408
9409
9410
9411
9412
9413
9414
9415
9416
9417
9418
9419
9420
9421
9422
9423
9424
9425
9426
9427
9428
9429
9430
9431
9432
9433
9434
9435
9436
9437
9438
9439
9440
9441
9442
9443
9444
9445
9446
9447
9448
9449
9450
9451
9452
9453
9454
9455
9456
9457
9458
9459
9460
9461
9462
9463
9464
9465
9466
9467
9468
9469
9470
9471
9472
9473
9474
9475
9476
9477
9478
9479
9480
9481
9482
9483
9484
9486
9487
9488
9489
9490
9491
9492
9493
9494
9495
9496
9497
9498
9499
9500
9501
9502
9503
9504
9505
9506
9507
9508
9509
9510
9511
9512
9513
9514
9515
9516
9517
9518
9519
9520
9521
9522
9523
9524
9525
9526
9527
9528
9529
9531
9532
9533
9534
9535
9536
9537
9538
9539
9540
9542
9543
9544
9546
9547
9548
9549
9550
9551
9555
9556
9558
9560
9561
9563
9564
9565
9566
9573
9574
9576
9577
9578
9579
9580
9581
9584
9585
9586
9587
9589
9590
9593
9596
9597
9598
9599
9600
9601
9602
9603
9604
9606
9607
9608
9609
9610
9614
9616
9617
9618
9619
9620
9621
9622
9623
9624
9625
9626
9628
9629
9631
9632
9633
9634
9635
9636
9637
9638
9639
9640
9641
9642
9643
9644
9646
9647
9648
9649
9650
9651
9654
9655
9656
9657
9658
9661
9662
9663
9665
9668
9669
9671
9672
9673
9674
9675
9676
9677
9679
9680
9681
9686
9687
9689
9690
9691
9692
9693
9694
9696
9698
9699
9702
9703
9705
9707
9708
9709
9710
9713
9714
9715
9717
9718
9719
9720
9723
9724
9725
9726
9727
9728
9729
9730
9734
9735
9737
9738
9739
9740
9741
9743
9745
9746
9748
9749
9750
9752
9753
9754
9755
9757
9759
9760
9761
9762
9763
9764
9765
9766
9767
9768
9769
9770
9771
9772
9773
9774
9775
9776
9777
9779
9780
9781
9782
9783
9784
9787
9788
9789
9791
9796
9797
9800
9801
9802
9805
9807
9810
9813
9814
9819
9823
9827
9831
9835
9836
9838
9842
9844
9846
9847
9849
9855
9859
9861
9863
9864
9867
9869
9870
9874
9875
9877
9878
9880
9883
9887
9888
9889
9893
9894
9897
9903
9904
9909
9921
9923
9924
9928
9929
9934
9935
9940
9941
9942
9944
9946
9948
9949
9950
9952
9953
9954
9956
9962
9963
9966
9967
9969
9973
9978
9981
9983
9990
9993
9999
10004
10005
10007
10008
10010
10011
10012
10013
10015
10016
10017
10018
10020
10021
10022
10023
10024
10025
10027
10028
10029
10030
10031
10032
10033
10035
10038
10039
10040
10041
10043
10045
10047
10048
10049
10052
10053
10054
10055
10056
10059
10060
10063
10065
10068
10071
10072
10073
10074
10075
10076
10077
10079
10080
10081
10082
10085
10086
10088
10089
10090
10093
10096
10097
10098
10100
10101
10102
10103
10104
10106
10107
10108
10109
10110
10111
10112
10113
10114
10115
10116
10117
10118
10119
10121
10123
10124
10125
10126
10128
10129
10131
10132
10133
10134
10135
10136
10137
10139
10141
10142
10143
10144
10145
10146
10147
10148
10149
10150
10151
10152
10153
10154
10155
10156
10157
10158
10160
10162
10163
10164
10167
10168
10169
10170
10173
10175
10176
10177
10178
10179
10180
10181
10182
10185
10187
10188
10190
10194
10195
10196
10197
10198
10199
10201
10202
10203
10204
10205
10207
10208
10209
10210
10211
10214
10215
10216
10218
10219
10220
10221
10222
10223
10224
10225
10226
10227
10229
10230
10231
10232
10233
10234
10236
10237
10239
10240
10241
10242
10244
10245
10246
10247
10249
10250
10251
10253
10254
10255
10256
10258
10261
10262
10263
10264
10265
10266
10267
10268
10269
10270
10272
10274
10275
10276
10277
10280
10281
10282
10283
10284
10285
10286
10287
10288
10289
10290
10292
10293
10294
10295
10296
10298
10299
10300
10301
10302
10304
10305
10306
10307
10308
10309
10310
10311
10312
10313
10314
10315
10316
10317
10318
10319
10320
10321
10322
10324
10326
10327
10329
10332
10333
10334
10335
10336
10337
10339
10340
10342
10343
10344
10345
10349
10350
10351
10352
10355
10356
10357
10359
10362
10368
10369
10373
10376
10379
10380
10381
10383
10384
10387
10388
10389
10390
10391
10392
10393
10397
10398
10400
10401
10407
10411
10412
10413
10417
10418
10419
10421
10422
10423
10425
10426
10427
10428
10429
10431
10432
10433
10434
10435
10437
10438
10439
10440
10441
10442
10443
10444
10445
10446
10447
10448
10449
10450
10451
10452
10453
10454
10455
10456
10458
10459
10460
10461
10463
10464
10465
10466
10467
10468
10469
10470
10471
10472
10473
10474
10475
10476
10477
10478
10479
10480
10481
10482
10483
10484
10485
10486
10487
10488
10489
10490
10491
10492
10493
10494
10495
10496
10497
10498
10499
10501
10502
10503
10504
10505
10507
10508
10509
10510
10511
10512
10513
10514
10515
10516
10517
10518
10520
10521
10522
10523
10524
10525
10526
10527
10528
10529
10530
10531
10532
10533
10534
10535
10536
10537
10538
10539
10540
10541
10542
10543
10544
10545
10546
10547
10548
10549
10550
10551
10553
10554
10555
10556
10557
10558
10559
10560
10561
10562
10563
10564
10565
10566
10567
10568
10569
10570
10571
10572
10573
10574
10575
10576
10577
10578
10579
10580
10581
10582
10583
10584
10585
10586
10587
10588
10590
10591
10592
10593
10594
10596
10597
10598
10599
10600
10601
10602
10603
10604
10605
10606
10607
10608
10609
10610
10611
10612
10613
10614
10615
10616
10617
10618
10619
10620
10621
10622
10623
10624
10625
10626
10627
10628
10629
10630
10631
10632
10633
10634
10635
10636
10637
10638
10639
10640
10641
10642
10643
10644
10645
10646
10647
10648
10649
10650
10651
10652
10653
10654
10655
10656
10657
10658
10659
10660
10661
10662
10663
10664
10665
10666
10667
10668
10669
10670
10671
10672
10673
10674
10675
10676
10677
10678
10679
10680
10681
10682
10683
10684
10685
10686
10687
10688
10689
10690
10691
10692
10693
10694
10695
10696
10697
10698
10699
10700
10701
10702
10703
10704
10705
10706
10707
10708
10709
10710
10711
10712
10713
10714
10715
10716
10717
10718
10719
10720
10721
10722
10723
10724
10725
10726
10727
